// Comments can be single line
/* Or
  multi-line */

7,0,128,128,130,136,192,512,768,352,60,4,54,304,256,A
7,128,144,130,132,160,384,0,320,104,4,10,88,576,0,A
7,0,128,128,130,136,192,512,768,352,60,4,20,288,256,A
7,0,128,128,130,136,192,512,768,352,60,4,52,288,256,A
8,0,128,144,130,132,160,384,0,768,320,104,4,10,88,576,512,A
8,0,128,144,130,132,160,384,0,768,352,104,12,26,88,576,512,A
9,0,64,64,70,64,64,0,512,0,896,32,24,0,14,56,192,256,512,A
10,0,0,64,64,70,64,64,0,512,0,512,896,32,24,0,14,56,192,256,512,A
10,0,0,64,64,70,64,64,0,512,0,512,896,32,24,0,14,48,192,256,512,A
10,0,0,64,64,70,64,64,0,512,0,512,896,32,24,8,14,56,448,256,512,A
6,1022,546,546,546,0,448,0,0,0,0,822,28,B
6,1022,546,546,32,4,0,0,0,0,514,890,192,B
6,1022,546,546,32,4,0,0,0,0,514,376,192,B
6,1022,546,546,32,4,0,0,0,0,514,378,192,B
6,1022,546,546,32,4,0,0,0,0,514,888,192,B
6,1022,546,546,546,0,448,0,0,0,0,822,12,B
6,1022,546,546,32,4,0,0,0,0,514,1018,448,B
6,1022,546,546,546,0,448,0,0,0,0,566,12,B
8,0,546,546,546,546,546,32,0,1022,0,0,0,0,0,514,476,B
8,0,546,546,546,546,546,32,0,1022,0,0,0,0,0,518,988,B
9,0,546,546,546,546,546,32,0,0,1022,476,0,0,0,0,518,988,128,B
9,0,546,546,546,546,546,32,0,0,1022,476,0,0,0,0,534,988,128,B
7,0,136,0,0,514,0,0,112,372,774,514,0,514,774,C
7,0,136,0,0,514,0,0,32,372,260,514,0,514,514,C
7,0,136,0,0,514,0,0,32,372,772,514,0,514,514,C
7,0,136,0,0,514,0,0,48,372,260,514,0,514,514,C
7,0,136,0,0,514,0,0,96,372,774,514,0,514,774,C
7,0,136,0,0,514,2,0,32,372,260,514,0,512,514,C
8,0,136,0,0,514,514,0,0,32,372,260,514,0,0,514,4,C
8,0,136,0,0,514,512,0,0,32,372,260,514,0,2,514,4,C
8,0,136,0,0,514,0,0,0,112,372,774,514,0,514,514,260,C
8,0,136,0,0,514,0,0,0,112,372,774,514,0,514,774,384,C
8,0,136,0,0,514,0,0,0,112,372,774,514,0,514,774,224,C
9,64,0,0,0,514,514,0,0,0,184,396,774,514,0,0,514,262,388,C
9,80,0,0,0,514,514,0,0,0,168,396,774,514,0,0,514,262,388,C
9,80,0,0,0,514,514,0,0,0,168,396,774,514,0,0,514,260,388,C
9,80,0,0,0,514,514,0,0,0,168,396,774,514,0,0,514,774,388,C
7,1022,514,514,0,0,0,0,0,0,0,514,774,508,112,D
7,1022,514,514,0,0,260,88,0,0,0,514,774,0,160,D
7,1022,514,514,0,0,260,88,0,0,0,514,514,0,160,D
7,1022,514,514,0,0,260,88,0,0,0,514,770,0,160,D
7,1022,514,514,0,0,0,0,0,0,0,514,772,476,112,D
9,0,514,514,514,514,0,0,0,32,1022,0,0,0,0,514,774,396,216,D
9,0,514,514,514,514,514,0,4,32,1022,0,0,0,0,0,774,392,216,D
9,0,514,514,514,514,512,0,0,32,1022,0,0,0,0,2,774,396,216,D
9,0,514,514,514,514,0,0,4,32,1022,0,0,0,0,514,774,392,216,D
9,0,514,514,514,514,512,0,256,32,1022,0,0,0,0,2,774,140,216,D
9,0,514,514,514,514,0,0,0,32,1022,32,0,0,0,514,774,396,216,D
9,0,514,514,514,514,0,0,0,32,1022,0,0,0,0,514,770,396,216,D
9,0,514,514,514,514,0,0,0,32,1022,508,0,0,0,514,774,396,216,D
9,0,514,514,514,514,512,0,0,32,1022,56,0,0,0,2,774,396,216,D
9,0,514,514,514,514,0,0,0,32,1022,384,0,0,0,514,774,396,216,D
9,0,514,514,514,514,0,0,0,32,1022,16,0,0,0,514,774,396,216,D
5,1022,546,546,546,546,0,0,0,0,0,E
6,1022,546,546,546,546,0,0,0,0,0,0,546,E
8,0,546,546,546,546,514,514,0,1022,0,0,0,0,32,0,514,E
8,0,546,546,546,546,514,514,0,1022,476,0,0,0,32,0,514,E
5,1022,34,34,34,34,0,0,0,0,0,F
6,1022,34,34,34,34,0,0,0,0,0,0,2,F
6,1022,34,34,34,34,0,0,0,0,0,0,224,F
8,0,34,34,34,34,2,2,0,1022,512,0,0,0,32,0,2,F
8,0,34,34,34,34,2,2,0,1022,988,0,0,0,32,0,2,F
7,0,136,0,0,514,32,32,112,372,774,514,32,514,966,G
7,0,136,0,0,514,32,32,112,372,772,514,32,514,966,G
7,0,136,0,0,514,32,32,96,372,772,514,32,514,966,G
8,0,136,0,0,514,578,64,448,32,372,260,514,0,0,514,516,G
8,0,136,0,0,514,578,64,448,112,372,260,514,0,0,514,518,G
9,16,0,0,0,514,64,64,64,192,232,396,774,514,0,514,514,260,260,G
9,80,0,0,0,514,64,64,64,192,168,396,774,514,0,514,514,260,260,G
9,16,0,0,0,514,64,64,64,192,232,396,774,514,0,514,514,262,260,G
6,1022,32,32,32,32,1022,0,0,0,0,0,0,H
7,1022,32,32,32,32,32,0,0,0,0,0,0,0,1022,H
9,0,32,32,32,32,32,32,32,0,1022,514,0,0,0,0,0,990,514,H
9,0,32,32,32,32,32,32,32,0,1022,990,0,0,0,0,0,990,514,H
9,0,32,32,32,32,32,32,32,0,1022,782,0,0,0,0,0,990,514,H
9,0,32,32,32,32,32,32,32,0,1022,522,0,0,0,0,0,990,514,H
2,0,0,1022,514,I
2,0,0,1022,526,I
2,0,0,1022,1022,I
3,514,1022,514,0,0,0,I
3,514,514,514,0,508,0,I
4,0,514,514,514,514,0,508,0,I
4,0,512,2,510,512,2,512,0,J
5,0,512,2,258,0,512,2,512,252,64,J
7,0,512,512,512,0,0,0,768,256,0,0,512,510,2,J
6,1022,32,32,0,0,512,0,0,80,200,388,258,K
6,1022,32,0,128,256,0,0,0,120,76,518,514,K
6,1022,32,0,128,256,0,0,16,120,76,518,514,K
6,1022,32,32,0,4,514,0,16,80,200,384,256,K
8,0,32,0,16,0,0,0,512,1022,606,48,32,104,204,902,258,K
8,0,32,0,16,0,0,0,512,1022,594,48,0,104,196,902,2,K
8,0,32,0,16,0,0,0,512,1022,594,48,0,104,204,902,2,K
8,0,32,0,16,0,0,0,512,1022,578,48,0,104,196,902,2,K
8,0,32,0,16,0,0,0,512,1022,990,48,32,104,204,902,258,K
8,0,32,0,16,0,0,0,512,1022,594,48,32,104,196,902,2,K
9,0,32,0,16,0,0,0,512,0,1022,990,48,32,104,204,902,258,512,K
5,1022,512,512,512,512,0,0,0,0,0,L
8,0,512,512,512,512,512,512,0,1022,2,0,0,0,0,0,512,L
8,0,512,512,512,512,512,512,0,1022,510,0,0,0,0,0,512,L
7,1022,0,0,128,0,0,6,0,14,112,64,112,12,1016,M
7,1022,0,0,128,0,0,6,0,14,48,64,112,12,1016,M
8,1022,0,16,0,0,0,4,1022,0,14,40,224,192,56,10,0,M
8,1022,4,16,0,0,0,4,1022,0,10,40,224,224,56,10,0,M
8,1022,0,16,0,0,0,0,1022,0,14,40,192,192,56,14,0,M
8,1022,4,16,0,0,0,0,1022,0,10,40,192,192,56,14,0,M
8,1022,0,16,0,0,0,0,1022,0,14,40,224,192,56,14,0,M
10,0,6,0,0,0,0,0,0,6,0,1022,520,24,96,384,384,96,24,1016,1022,M
10,0,6,0,0,0,0,0,0,6,0,1022,520,56,96,384,384,96,24,1016,1022,M
10,0,6,0,0,0,0,0,0,6,0,1022,520,56,224,896,384,96,24,1016,1022,M
10,0,6,0,0,0,0,0,0,6,0,1022,520,24,96,384,384,96,24,632,1022,M
10,0,6,0,0,0,0,0,0,6,0,1022,520,24,96,384,384,96,24,888,1022,M
10,0,6,0,0,0,0,0,0,6,0,1022,520,24,96,384,384,96,24,536,1022,M
10,0,6,0,0,0,0,0,0,6,0,1022,520,24,96,384,384,96,24,744,1022,M
10,0,6,0,0,0,0,0,0,6,0,1022,520,24,96,384,384,96,24,520,1022,M
10,0,6,0,0,0,0,0,0,6,0,1022,520,24,96,384,384,96,24,824,1022,M
10,0,6,0,0,0,0,0,0,6,0,1022,520,24,96,384,384,96,24,760,1022,M
10,0,6,0,0,0,0,0,0,6,0,1022,520,56,96,384,384,96,24,888,1022,M
10,0,6,0,0,0,0,0,0,6,0,1022,520,24,96,384,384,96,24,584,1022,M
10,0,6,0,0,0,0,0,0,6,0,1022,520,24,96,384,384,96,24,776,1022,M
10,0,6,0,0,0,0,0,0,6,0,1022,520,24,96,384,384,96,24,920,1022,M
10,0,6,0,0,0,0,0,0,6,0,1022,520,56,96,384,384,96,24,520,1022,M
10,0,6,0,0,0,0,0,0,6,0,1022,520,24,96,384,384,96,24,1000,1022,M
10,0,6,0,0,0,0,0,0,6,0,1022,520,56,224,384,384,96,24,1016,1022,M
10,0,6,0,0,0,0,0,0,6,0,1022,520,24,224,384,384,96,24,1016,1022,M
10,0,6,0,0,0,0,0,0,6,0,1022,520,24,96,384,384,96,24,616,1022,M
10,0,6,0,0,0,0,0,0,6,0,1022,520,56,96,384,384,96,24,568,1022,M
10,0,6,0,0,0,0,0,0,6,0,1022,520,24,224,896,384,96,24,1000,1022,M
10,0,6,0,0,0,0,0,0,6,0,1022,520,24,224,384,384,96,24,1000,1022,M
10,0,6,0,0,0,0,0,0,6,0,1022,520,24,96,384,384,96,24,904,1022,M
10,0,6,0,0,0,0,0,0,6,0,1022,520,24,96,384,384,96,24,568,1022,M
10,0,6,0,0,0,0,0,0,6,0,1022,520,24,96,384,384,96,24,968,1022,M
6,1022,0,0,0,0,1022,0,6,24,96,384,0,N
7,1022,2,8,32,128,256,0,0,4,20,80,64,640,1022,N
9,0,2,0,0,0,0,0,256,0,1022,516,12,24,48,64,128,642,1022,N
9,0,2,0,0,0,0,0,256,0,1022,516,12,24,48,64,128,690,1022,N
9,0,2,0,0,0,0,0,256,0,1022,516,12,24,48,64,128,674,1022,N
9,0,2,0,0,0,0,0,256,0,1022,516,12,24,48,64,128,766,1022,N
9,0,2,0,0,0,0,0,256,0,1022,516,12,24,48,64,128,754,1022,N
9,0,2,0,0,0,0,0,256,0,1022,516,12,24,48,64,128,706,1022,N
9,0,2,0,0,0,0,0,256,0,1022,516,12,24,48,64,128,738,1022,N
8,0,136,0,0,514,0,260,112,112,372,774,514,0,514,136,136,O
9,0,136,0,0,514,0,0,0,0,112,372,774,514,0,514,774,508,112,O
9,0,136,0,0,514,0,0,0,0,32,372,260,514,0,514,774,508,112,O
9,0,136,0,0,514,0,0,0,0,32,372,772,514,0,514,774,508,112,O
10,80,0,0,0,514,514,0,0,0,112,168,396,774,514,0,0,514,774,396,136,O
5,1022,66,66,0,4,0,0,0,98,56,P
5,1022,66,66,0,4,0,0,0,102,56,P
5,1022,66,66,0,0,0,0,0,66,38,P
6,1022,66,66,0,0,0,0,0,0,66,62,28,P
6,1022,66,66,0,0,0,0,0,0,66,36,28,P
8,0,34,34,34,34,34,0,0,1022,784,0,0,0,0,54,28,P
8,0,34,34,34,34,34,0,0,1022,524,0,0,0,0,54,28,P
8,0,34,34,34,34,34,0,0,1022,976,0,0,0,0,54,28,P
8,0,34,34,34,34,34,0,0,1022,512,0,0,0,0,54,28,P
8,0,34,34,34,34,34,0,0,1022,960,0,0,0,0,54,28,P
8,0,34,34,34,34,34,0,0,1022,924,0,0,0,0,54,28,P
8,0,34,34,34,34,34,0,0,1022,988,0,0,0,0,54,28,P
8,0,34,34,34,34,34,0,0,1022,732,0,0,0,0,54,28,P
8,0,34,34,34,34,34,0,0,1022,780,0,0,0,0,54,28,P
8,0,34,34,34,34,34,0,0,1022,604,0,0,0,0,54,28,P
8,0,34,34,34,34,34,0,0,1022,536,0,0,0,0,54,28,P
8,0,34,34,34,34,34,0,0,1022,540,0,0,0,0,54,28,P
8,0,34,34,34,34,34,0,0,1022,528,0,0,0,0,54,28,P
8,0,34,34,34,34,34,0,0,1022,768,0,0,0,0,54,28,P
8,0,136,0,0,514,1536,0,2048,32,372,260,514,0,2,2822,508,Q
8,0,136,0,0,514,0,2308,2160,112,372,774,514,0,3586,136,136,Q
9,0,136,0,0,514,1536,0,2176,0,112,372,774,514,0,2,2822,380,2160,Q
10,80,0,0,0,514,514,0,0,0,112,168,396,774,514,0,256,770,774,1932,136,Q
6,1022,34,34,64,4,512,0,0,0,162,408,256,R
7,1022,66,66,64,0,0,0,0,0,0,130,438,796,512,R
7,1022,66,66,64,0,0,0,0,0,0,130,446,796,512,R
8,0,34,34,34,34,34,0,512,1022,512,0,0,0,64,418,284,R
8,0,34,34,34,34,34,0,512,1022,768,0,0,0,64,930,284,R
8,0,34,34,34,34,34,0,512,1022,988,0,0,0,64,418,284,R
9,0,34,34,34,34,34,0,512,0,1022,988,0,0,0,192,934,284,512,R
9,0,34,34,34,34,34,0,512,0,1022,988,0,0,0,192,930,284,512,R
5,20,512,546,0,320,520,34,0,546,134,S
6,20,0,546,32,0,0,776,562,0,514,866,448,S
6,0,20,512,546,0,320,256,776,50,0,546,134,S
6,20,0,546,32,0,0,520,562,0,514,866,448,S
7,0,20,0,546,32,0,0,256,776,562,0,514,866,452,S
8,8,0,0,546,546,0,0,64,276,822,546,0,0,546,806,388,S
8,8,0,0,546,546,0,0,64,276,310,546,0,0,546,870,388,S
8,8,0,0,546,546,0,0,64,276,822,546,0,0,546,870,388,S
8,8,0,0,546,546,0,0,64,276,310,546,0,0,546,806,388,S
7,2,2,2,1022,2,2,2,0,0,0,0,0,0,0,T
8,2,2,2,2,2,2,2,0,0,0,0,1020,0,0,0,2,T
9,0,2,2,2,514,2,2,2,0,2,0,0,512,508,0,0,0,2,T
4,254,0,0,0,256,256,512,512,U
4,254,0,0,0,0,256,512,512,U
6,254,0,0,0,0,254,256,256,512,512,256,256,U
8,2,0,0,512,512,0,0,2,508,770,512,0,0,512,768,508,U
6,64,512,256,32,4,0,176,384,640,80,26,2,V
7,0,8,64,512,128,16,2,6,52,416,256,320,44,4,V
9,0,0,0,0,512,0,0,0,2,2,14,48,960,256,896,112,30,4,V
11,0,24,256,0,0,6,0,768,128,8,0,2,36,704,896,60,8,120,128,832,54,2,W
11,0,16,256,0,0,6,0,768,128,8,0,2,44,704,896,60,8,120,128,832,54,2,W
11,0,16,256,0,0,6,0,512,128,8,0,2,44,704,896,56,8,120,384,832,54,2,W
11,0,16,256,0,0,6,0,512,128,8,0,2,44,704,896,60,8,120,384,832,54,2,W
11,0,16,256,0,0,6,0,768,128,8,0,2,44,704,896,56,8,120,128,832,54,2,W
11,0,24,256,0,0,6,0,512,128,8,0,2,36,704,896,56,8,120,384,832,54,2,W
11,0,24,256,0,0,6,0,768,128,8,0,2,36,704,896,56,8,120,128,832,54,2,W
11,0,24,256,0,0,6,0,512,128,8,0,2,36,704,896,60,8,120,384,832,54,2,W
11,0,16,256,0,0,6,0,512,128,8,0,6,110,704,896,124,8,120,384,864,54,2,W
11,0,8,128,768,0,4,0,0,512,64,4,2,54,864,128,240,10,30,480,384,432,26,W
11,0,8,128,768,0,4,0,0,512,64,4,2,54,864,0,240,10,30,480,256,432,26,W
11,0,8,128,768,0,4,0,0,512,64,4,2,54,864,128,240,10,30,480,256,432,26,W
14,0,0,0,512,0,0,4,4,32,0,0,0,0,0,2,30,112,384,896,112,10,26,80,896,896,112,14,2,W
14,2,0,0,512,0,0,4,4,32,0,0,0,0,0,0,30,112,384,896,112,10,26,80,896,896,112,14,2,W
14,0,0,0,0,0,0,4,4,32,0,0,0,0,0,2,30,240,896,960,112,10,26,80,960,896,112,14,2,W
14,0,0,0,0,0,0,4,4,32,0,0,0,0,0,2,30,112,896,896,112,10,26,80,896,896,112,14,2,W
14,0,0,0,0,0,0,4,4,32,0,0,0,0,0,2,30,112,896,960,112,10,26,80,896,896,112,14,2,W
14,0,0,0,512,0,0,4,4,32,0,0,0,0,0,2,30,240,384,960,112,10,26,80,960,896,112,14,2,W
14,0,0,0,0,0,0,4,4,32,0,0,0,0,0,2,30,240,896,960,112,10,26,80,960,960,112,14,2,W
14,0,0,0,0,0,0,4,4,32,0,0,0,0,0,2,30,240,896,960,112,26,26,80,960,960,112,14,2,W
14,0,0,0,512,0,0,4,4,32,0,0,0,0,0,2,30,112,384,960,112,10,26,80,896,896,112,14,2,W
14,0,0,0,0,0,0,4,4,32,0,0,0,0,0,2,30,240,896,960,112,10,26,80,896,896,112,14,2,W
7,0,0,8,32,80,0,514,514,774,212,80,160,396,256,X
9,0,514,0,0,32,0,0,512,0,512,260,142,120,16,88,390,258,512,X
5,0,32,0,0,2,24,960,48,12,4,Y
5,0,32,0,0,2,24,976,48,12,4,Y
7,0,4,16,992,0,4,0,2,8,8,0,24,10,2,Y
7,0,4,0,32,0,0,2,2,10,24,976,48,12,4,Y
7,0,4,16,992,0,4,0,2,10,40,16,24,10,2,Y
7,0,0,0,0,512,0,0,2,6,8,528,496,24,14,Y
8,0,2,0,0,512,0,0,2,2,4,8,528,496,24,14,0,Y
8,0,2,0,0,512,0,0,2,2,4,8,528,496,2,144,0,Y
8,0,2,0,0,512,0,0,2,2,4,8,528,496,24,12,0,Y
8,0,2,0,0,512,0,0,2,2,4,12,536,496,24,14,0,Y
8,0,2,0,0,512,0,0,2,2,4,12,528,496,24,14,0,Y
8,0,0,0,0,512,0,0,2,2,6,8,528,496,24,12,0,Y
8,0,0,0,0,512,0,0,2,2,6,8,528,496,24,6,0,Y
9,0,2,0,0,512,0,0,2,0,2,4,8,528,496,24,14,0,2,Y
6,0,514,514,514,514,514,512,384,192,48,24,4,Z
7,0,770,514,546,514,514,512,512,128,192,64,24,12,2,Z
8,0,514,514,514,514,514,514,512,514,256,384,96,48,24,12,2,Z
8,0,514,642,514,514,514,514,512,514,256,256,96,48,24,12,2,Z

5,0,520,8,64,0,968,64,576,952,992,a
5,0,520,8,64,992,968,64,576,792,16,a
5,0,520,8,64,992,904,64,576,280,16,a
6,0,0,520,8,64,992,384,968,64,576,792,16,a
6,0,0,520,8,64,0,384,968,64,576,952,992,a
6,0,0,520,8,64,992,256,904,64,576,280,16,a
6,0,0,520,8,64,0,384,904,64,576,952,992,a
6,0,0,520,8,64,0,256,904,64,576,952,992,a
6,0,0,520,8,64,0,256,968,64,576,952,992,a
7,0,0,0,520,8,64,0,8,384,968,64,576,952,992,a
7,0,0,0,520,8,64,0,2,384,968,64,576,952,992,a
7,0,0,0,520,8,64,0,8,256,968,64,576,952,992,a
7,0,0,0,520,8,64,0,8,384,904,64,576,952,992,a
7,0,0,0,520,8,64,0,8,256,904,64,576,952,992,a
8,0,0,128,128,128,128,0,0,512,896,96,24,56,96,896,512,a
8,0,0,128,128,128,128,0,0,512,896,96,56,56,96,896,512,a
8,512,0,128,128,128,128,0,0,0,896,96,24,56,96,896,512,a
8,512,0,128,128,128,128,0,0,0,896,96,24,24,96,896,512,a
8,0,0,128,128,128,128,0,0,512,896,96,24,24,96,896,512,a
8,512,0,128,128,128,128,0,0,0,896,96,56,56,96,896,512,a
9,0,0,0,128,128,128,128,0,0,64,512,896,96,24,56,96,896,512,a
9,0,0,0,128,128,128,128,0,0,192,512,896,96,24,56,96,896,512,a
5,784,0,512,0,160,238,520,8,776,336,b
6,1023,0,512,0,0,0,0,528,8,520,440,224,b
6,1023,0,512,8,0,0,0,528,8,512,440,224,b
6,1023,0,512,8,256,0,0,528,8,512,184,224,b
6,1023,0,512,0,256,0,0,528,8,520,184,224,b
6,1023,0,512,8,256,0,0,528,8,512,248,224,b
7,520,584,584,584,584,0,0,496,0,0,0,0,632,400,b
7,520,584,584,584,584,0,0,496,0,0,0,0,760,432,b
4,272,0,520,0,224,520,0,520,c
5,0,272,0,520,0,64,224,520,0,520,c
5,0,272,0,520,0,224,224,520,0,520,c
5,272,0,520,0,0,224,520,0,520,520,c
5,0,272,0,520,0,192,160,520,0,520,c
5,0,272,0,520,0,192,224,520,0,520,c
6,0,0,272,0,520,0,8,192,224,520,0,520,c
6,0,0,272,0,520,0,8,192,160,520,0,520,c
6,0,272,0,520,0,0,224,224,520,0,520,520,c
7,0,0,0,520,0,0,0,496,792,520,0,520,776,272,c
8,0,0,0,0,520,0,0,0,64,496,792,520,0,520,776,272,c
5,16,512,0,0,0,992,8,520,784,1022,d
5,272,0,520,0,272,224,520,0,784,751,d
5,272,0,520,0,272,224,520,0,528,751,d
5,272,0,8,0,272,224,520,512,528,751,d
6,0,272,0,8,0,272,64,224,520,512,528,751,d
6,0,272,0,520,0,272,64,224,520,0,528,751,d
6,0,272,0,8,0,272,192,224,520,512,528,751,d
6,0,272,0,520,0,272,192,224,520,0,528,751,d
6,0,272,0,520,0,272,224,224,520,0,784,751,d
6,0,16,512,0,0,0,224,992,8,520,784,1022,d
6,0,16,512,0,0,0,192,992,8,520,784,1022,d
6,0,16,512,0,0,0,192,928,8,520,784,1022,d
6,0,16,512,0,0,0,224,928,8,520,784,1022,d
6,0,16,512,0,0,0,192,480,8,520,784,1022,d
6,0,16,512,0,0,0,192,416,8,520,784,1022,d
7,0,0,16,512,0,0,0,8,192,416,8,520,784,1022,d
7,0,0,16,512,0,0,0,8,192,928,8,520,784,1022,d
7,0,0,16,512,0,0,0,8,192,992,8,520,784,1022,d
7,0,0,16,512,0,0,0,8,224,992,8,520,784,1022,d
7,0,0,272,0,520,0,272,64,224,224,520,0,784,751,d
7,520,520,520,520,0,0,0,496,0,0,0,520,792,496,d
5,64,64,576,64,96,432,520,8,520,272,e
5,320,64,64,64,64,176,520,520,520,48,e
5,320,64,576,64,64,176,520,8,520,48,e
6,0,320,64,64,64,64,64,176,520,520,520,48,e
6,0,320,64,576,64,64,64,176,520,8,520,48,e
6,0,64,64,576,64,96,224,432,520,8,520,272,e
6,520,584,584,584,520,520,496,0,0,0,64,0,e
6,0,320,64,576,64,64,224,176,520,8,520,304,e
6,320,64,576,64,64,0,176,520,8,520,304,64,e
6,0,64,64,576,64,96,192,432,520,8,520,272,e
6,0,64,64,576,64,64,224,432,520,8,520,304,e
7,0,0,64,64,576,64,96,8,192,432,520,8,520,272,e
7,96,0,64,64,576,64,96,272,224,432,520,8,520,272,e
7,96,0,64,64,576,64,96,272,192,432,520,8,520,272,e
7,0,0,64,64,576,64,96,8,224,432,520,8,520,272,e
7,0,320,64,576,64,64,0,224,176,520,8,520,304,64,e
7,0,520,584,584,584,520,520,2,496,0,0,0,64,0,e
3,1020,8,2,2,2,8,f
4,0,1020,8,9,8,2,1,0,f
4,0,1020,8,2,8,2,2,8,f
4,0,1020,8,2,8,0,2,8,f
5,0,0,1020,8,2,992,8,0,2,8,f
5,0,0,1020,8,2,8,8,0,2,8,f
5,0,1020,8,9,0,8,2,3,0,1,f
6,520,72,72,72,8,8,496,0,0,0,64,0,f
5,272,4096,4104,0,1296,4320,520,512,6664,2792,g
5,272,4096,4104,0,1280,4320,520,512,4616,2808,g
5,16,2560,8,0,0,3040,8,2560,3848,2040,g
6,0,16,2560,8,0,0,192,2976,8,2560,3848,1016,g
6,0,16,2560,8,0,0,192,3040,8,2560,3848,1016,g
6,0,272,4096,4104,0,1280,64,4320,520,512,4616,2808,g
6,0,272,4096,4104,0,1296,224,4320,520,512,6664,2792,g
6,0,16,2560,8,0,0,224,3040,8,2560,3848,2040,g
7,0,0,0,520,64,64,64,496,792,520,0,520,536,400,g
7,0,0,0,520,64,64,64,496,792,520,0,520,520,400,g
7,0,0,0,520,64,64,64,496,280,520,0,520,520,400,g
7,0,0,16,2560,8,0,0,8,192,3040,8,2560,3848,1016,g
7,0,0,16,2560,8,0,0,8,192,2976,8,2560,3848,1016,g
8,0,0,0,0,520,64,64,64,64,496,792,520,0,520,520,400,g
8,0,0,0,0,520,64,64,64,64,496,792,520,0,520,536,400,g
9,0,0,0,0,520,64,64,64,0,64,496,792,520,0,520,792,400,192,g
5,16,0,0,0,960,1006,8,8,24,48,h
5,1023,0,0,8,16,0,16,8,0,1000,h
7,520,64,64,64,64,64,0,496,0,0,0,0,520,1016,h
7,520,64,64,64,64,64,0,496,520,0,0,0,920,1016,h
7,520,64,64,64,64,64,0,496,512,0,0,0,520,1016,h
7,520,64,64,64,64,64,0,496,520,0,0,0,520,1016,h
7,520,64,64,64,64,64,0,496,8,0,0,0,520,1016,h
1,2,1016,i
1,1018,0,i
1,520,496,i
2,520,0,496,512,i
2,520,0,496,8,i
2,520,0,496,520,i
3,4096,8,0,8,6146,4090,j
5,0,2048,8,0,0,2048,8,4082,1018,224,j
6,0,0,512,0,0,0,768,512,0,512,1016,8,j
5,64,0,0,256,0,958,96,240,536,512,k
5,1023,0,0,0,512,0,96,240,408,264,k
5,1023,0,0,0,512,0,96,240,408,8,k
5,64,0,0,256,0,958,96,240,520,512,k
5,64,0,128,256,0,958,96,112,520,512,k
7,520,0,0,0,0,8,0,496,64,96,96,144,768,520,k
7,520,0,0,0,0,8,0,496,64,32,96,144,768,520,k
7,520,0,0,0,0,8,0,496,64,96,96,400,768,520,k
7,520,0,0,0,0,8,0,496,576,96,96,400,768,520,k
7,520,0,0,0,0,8,0,496,584,96,112,400,768,520,k
7,520,0,0,0,0,8,0,496,64,32,96,400,768,520,k
1,0,1022,l
1,1023,0,l
6,520,512,512,512,512,512,496,0,0,0,0,0,l
6,520,512,512,512,512,512,496,8,0,0,0,0,l
8,520,0,64,0,0,0,0,520,496,56,160,384,384,224,56,496,m
8,520,0,64,0,0,0,0,520,496,56,160,896,384,224,56,496,m
8,520,0,0,0,0,0,0,520,496,56,224,384,384,224,56,496,m
8,520,0,0,0,0,0,0,520,496,56,224,896,384,224,56,496,m
8,520,0,0,0,0,0,0,520,496,56,224,896,384,224,568,496,m
8,520,0,64,0,0,0,0,520,496,56,160,896,384,96,56,496,m
8,16,0,0,0,0,0,8,16,1000,8,8,1016,1008,8,0,1000,m
8,16,0,8,0,0,0,8,16,1000,8,0,56,1008,8,0,1000,m
8,16,0,0,0,0,0,8,16,1000,8,8,24,1008,8,0,1000,m
8,16,0,8,0,0,0,8,16,1000,8,0,24,1008,8,0,1000,m
8,16,0,0,0,0,0,8,16,1000,8,8,56,1008,8,0,1000,m
8,520,0,64,0,0,0,0,520,496,56,160,384,384,96,56,496,m
8,520,0,0,0,0,0,0,520,496,56,224,384,384,96,56,496,m
9,1016,0,0,0,1008,0,0,0,1008,0,16,8,8,0,16,8,8,0,m
3,0,0,960,8,8,48,n
5,16,0,0,0,960,1000,8,8,24,48,n
5,1016,0,0,8,16,0,16,8,0,1000,n
7,520,0,0,0,0,0,520,496,24,32,64,128,768,496,n
7,520,0,0,0,0,0,520,496,24,32,64,128,256,496,n
7,520,0,0,0,0,0,520,496,24,32,64,128,896,496,n
7,520,0,0,0,0,0,520,496,24,48,96,192,896,496,n
7,520,8,0,0,0,0,520,496,16,32,64,128,768,496,n
7,520,8,0,0,0,0,520,496,16,32,64,128,256,496,n
7,520,8,0,0,0,0,520,496,16,32,64,192,768,496,n
5,272,0,520,0,224,224,520,0,792,272,o
6,0,272,0,520,0,224,224,160,520,0,792,272,o
6,0,272,0,520,0,224,224,224,520,0,792,272,o
6,272,0,520,0,272,0,224,520,0,520,224,224,o
7,0,0,272,0,520,0,224,8,224,160,520,0,792,272,o
7,0,272,0,520,0,272,0,64,224,520,0,520,224,224,o
7,0,272,0,520,0,272,0,224,224,520,0,520,224,224,o
7,0,272,0,520,0,272,0,192,224,520,0,520,224,224,o
8,0,0,0,520,512,0,0,32,496,792,520,0,8,520,272,464,o
8,0,0,0,520,512,0,0,32,496,280,520,0,8,520,272,464,o
8,0,0,0,520,512,0,0,0,496,272,520,0,8,520,272,480,o
8,0,0,0,520,512,0,0,0,496,784,520,0,8,520,272,240,o
9,0,0,0,0,520,512,0,0,160,64,496,792,520,0,8,520,784,336,o
9,0,0,0,0,520,512,0,0,160,64,496,792,520,0,8,520,272,336,o
9,0,0,0,0,520,512,0,0,160,64,496,792,520,0,8,536,784,336,o
9,0,0,0,0,520,512,0,0,160,64,496,792,520,0,8,776,784,336,o
9,0,0,0,0,520,512,0,0,32,64,496,792,520,0,8,792,784,464,o
9,0,0,0,0,520,512,0,0,32,192,496,792,776,0,8,792,784,464,o
10,0,0,0,0,0,520,512,0,0,32,384,64,496,792,520,0,8,536,272,464,o
5,784,0,520,0,160,3304,520,0,776,336,p
5,784,0,520,0,160,3304,512,0,776,336,p
6,8184,0,512,8,256,0,0,528,8,512,184,224,p
6,520,72,72,72,72,0,496,512,0,0,0,120,p
6,520,72,72,72,72,0,496,0,0,0,0,120,p
6,8184,0,512,8,256,0,0,536,8,512,248,224,p
6,8184,0,512,0,256,0,0,512,8,520,184,224,p
6,8184,0,512,0,256,0,0,528,8,520,184,224,p
6,8184,0,512,8,256,0,0,512,8,512,184,224,p
5,272,0,8,0,256,224,520,512,520,7928,q
6,0,16,512,8,0,0,192,992,8,512,776,4088,q
6,0,16,0,8,0,0,192,416,520,512,776,4088,q
6,0,16,0,8,0,0,192,992,520,512,776,4088,q
6,0,16,0,8,0,0,192,928,520,512,776,4088,q
6,0,16,512,8,0,0,192,928,8,512,776,4088,q
6,0,16,0,8,0,0,224,992,520,512,792,4088,q
6,0,272,0,8,0,256,192,224,520,512,520,7928,q
6,0,272,0,8,0,256,224,224,520,512,520,7928,q
6,0,272,0,8,0,256,64,224,520,512,520,7928,q
8,0,0,0,520,512,0,0,32,496,792,520,0,264,776,784,464,q
8,0,0,0,520,512,0,0,160,496,784,520,0,264,776,784,336,q
9,0,0,0,0,520,512,0,0,32,64,496,792,520,0,264,776,784,464,q
3,16,0,0,1000,8,8,r
4,16,0,0,0,1000,8,8,304,r
4,1016,0,0,0,0,16,8,8,r
4,16,0,0,8,1000,8,8,16,r
4,16,0,0,0,1000,8,8,384,r
4,16,0,0,0,1000,8,8,224,r
4,16,0,0,0,1000,8,8,8,r
5,1016,0,0,0,0,0,16,8,8,64,r
5,1016,0,0,0,0,0,16,8,8,224,r
5,1016,0,0,0,0,0,16,8,8,384,r
5,1016,0,0,0,0,0,16,8,8,8,r
5,1016,0,0,0,0,0,16,8,8,256,r
7,520,72,72,72,72,0,0,496,0,0,0,128,888,560,r
7,520,72,72,72,72,0,0,496,0,0,0,128,856,560,r
7,520,72,72,72,72,0,0,496,512,0,0,128,888,560,r
3,512,72,0,72,512,968,s
4,0,520,0,384,632,64,584,24,s
4,0,512,72,0,568,72,512,968,s
5,0,0,520,0,384,304,632,64,584,24,s
5,0,512,72,0,0,632,72,512,984,128,s
6,0,0,512,72,0,0,256,632,72,512,984,128,s
7,0,0,0,520,0,0,0,368,584,584,64,584,976,384,s
7,0,0,8,520,0,0,0,368,584,576,64,584,976,384,s
7,0,64,0,520,0,0,0,368,520,584,64,584,976,384,s
7,0,0,0,520,0,0,0,304,584,584,64,584,976,128,s
7,0,0,0,520,0,0,0,368,840,584,64,584,984,384,s
7,0,0,0,520,0,0,0,368,856,584,64,584,984,384,s
7,0,64,8,520,0,0,0,368,520,576,64,584,976,384,s
7,0,0,0,520,0,0,0,368,840,584,64,584,976,384,s
8,0,0,0,0,520,0,0,0,256,368,856,584,64,584,984,384,s
3,510,520,520,512,0,0,t
4,510,8,520,512,0,512,0,8,t
4,0,510,8,520,8,0,512,0,t
4,0,510,520,520,8,512,0,0,t
4,8,510,8,520,0,0,512,0,t
4,0,510,520,520,8,0,0,0,t
5,0,0,510,520,520,8,8,0,0,0,t
5,0,0,2040,2080,2080,3968,32,0,0,0,t
5,0,0,1020,1040,1040,1984,16,0,0,0,t
5,0,510,8,520,0,8,0,512,0,64,t
5,0,0,510,520,520,992,8,0,0,0,t
5,0,510,8,520,0,8,0,512,0,8,t
5,0,510,8,520,0,8,0,512,0,224,t
5,0,510,8,520,0,8,0,512,0,256,t
5,0,510,8,520,0,8,0,512,0,384,t
6,0,8,8,520,8,8,8,0,0,496,0,0,t
6,8,8,520,8,8,8,0,0,496,0,0,0,t
7,8,8,8,520,8,8,8,0,0,0,496,0,0,0,t
7,0,8,8,520,8,8,8,8,0,0,496,512,0,0,t
7,8,8,8,520,8,8,8,0,0,0,496,512,0,0,t
7,0,8,8,520,8,8,8,8,0,0,496,0,0,0,t
8,8,8,8,8,520,8,8,8,0,0,0,0,496,0,0,0,t
3,504,0,0,0,512,512,u
5,256,512,0,0,0,248,0,512,256,1016,u
5,256,512,0,0,0,760,0,512,768,1016,u
5,504,0,0,0,256,0,512,512,768,760,u
7,8,0,512,512,0,0,0,496,768,0,0,512,776,248,u
7,8,0,512,512,0,0,0,496,512,0,0,512,776,248,u
5,32,0,256,64,8,80,448,512,160,16,v
6,0,32,0,256,64,8,8,80,448,512,160,16,v
6,0,32,0,256,64,8,8,88,448,512,160,16,v
6,0,32,0,256,64,8,8,80,960,512,160,16,v
6,0,32,256,0,32,0,8,80,640,896,80,8,v
6,0,32,256,0,32,0,24,80,640,896,80,8,v
7,0,0,0,512,0,0,0,8,56,224,384,896,224,56,v
8,0,0,0,512,0,0,0,0,8,56,224,384,896,192,56,8,v
8,0,0,0,512,0,0,0,0,8,56,224,384,896,224,56,8,v
8,64,768,0,24,0,768,0,0,432,128,224,32,224,128,248,8,w
9,0,32,768,0,16,0,0,256,16,8,216,128,448,40,120,960,704,104,w
9,8,64,768,0,24,0,768,0,0,16,432,128,224,32,224,128,248,8,w
9,0,64,768,0,24,0,768,0,0,24,432,128,224,32,224,128,248,8,w
9,0,32,768,0,16,0,0,256,16,8,216,128,448,40,112,896,640,104,w
9,0,32,768,0,16,0,0,256,16,8,216,128,448,40,112,896,704,104,w
9,0,64,768,0,24,0,768,0,0,8,432,128,224,0,224,128,240,8,w
9,0,64,768,0,24,0,768,0,0,8,176,128,224,0,224,128,240,8,w
9,0,32,768,0,16,0,0,256,16,8,216,128,448,40,120,896,640,104,w
11,0,0,0,768,0,16,32,0,768,0,8,8,56,960,0,224,40,88,960,0,224,48,w
11,0,0,0,768,0,16,32,0,768,0,8,8,56,960,0,192,40,88,960,0,224,16,w
12,0,0,0,768,0,16,32,0,768,0,8,0,8,120,960,0,224,40,88,960,0,224,16,8,w
12,0,0,0,768,0,16,32,0,768,0,8,0,8,56,960,0,224,40,88,960,0,224,16,8,w
12,0,0,0,768,0,16,32,0,512,0,8,0,8,56,960,0,224,40,88,960,256,224,16,8,w
12,0,0,0,512,0,16,32,0,512,0,8,0,8,120,960,256,224,40,88,960,384,224,48,8,w
12,0,0,0,768,0,16,32,0,768,0,8,0,8,120,960,0,224,40,88,960,0,224,48,8,w
12,0,0,0,512,0,16,32,0,512,0,8,0,8,120,960,256,224,40,88,960,256,224,48,8,w
12,0,0,0,768,0,16,32,0,768,0,8,0,8,120,960,0,224,40,88,960,128,224,48,8,w
5,0,160,64,256,0,792,80,160,176,520,x
6,0,0,0,128,0,0,520,792,224,96,792,520,x
6,0,0,32,128,0,0,520,792,192,96,792,520,x
6,0,0,160,64,256,0,520,792,80,160,176,520,x
6,0,0,160,64,256,0,520,792,336,160,176,520,x
7,0,8,0,64,0,0,0,512,784,176,32,224,792,520,x
7,0,8,0,64,0,0,0,520,784,176,32,224,792,520,x
5,32,1024,0,0,0,2128,3008,448,112,8,y
5,32,2048,256,64,8,80,6080,1536,160,16,y
5,32,2048,256,64,8,88,6080,1536,160,16,y
6,0,32,2048,256,64,8,8,80,6080,1536,160,16,y
6,0,32,2048,256,64,8,8,88,6080,1536,160,16,y
6,0,32,1024,0,0,0,8,2128,3008,448,112,8,y
6,0,32,2048,256,64,8,8,4184,6080,1536,160,48,y
6,0,32,2048,768,64,8,8,80,6080,1024,160,16,y
6,0,32,1024,0,0,0,8,2128,3008,384,112,8,y
6,0,32,1024,0,0,0,8,2128,2944,384,112,8,y
6,0,32,2048,768,64,8,8,88,6080,1024,160,16,y
7,0,0,32,1024,0,0,0,8,8,2128,3008,384,112,8,y
7,0,0,32,1024,0,0,0,8,8,2128,2944,384,112,8,y
7,0,0,0,0,0,0,0,8,24,48,992,32,24,8,y
7,0,0,0,0,0,0,0,8,24,48,992,544,24,8,y
8,0,0,0,0,0,0,0,0,192,8,24,48,992,32,24,8,y
8,0,0,0,0,0,0,0,0,64,8,24,48,992,32,24,8,y
7,0,0,0,0,0,0,0,8,24,32,992,32,24,8,y
3,520,552,520,192,64,16,z
3,520,520,520,192,96,16,z
5,0,520,520,520,520,520,384,192,48,16,z
5,776,520,552,520,0,128,192,64,16,520,z
6,0,776,520,552,520,0,520,128,192,64,16,520,z
7,0,520,520,520,520,520,0,520,256,128,64,32,16,520,z

6,0,0,514,0,0,0,260,514,0,514,774,396,0
6,136,0,0,0,260,0,372,514,514,514,248,32,0
6,0,4,0,0,0,112,112,504,514,514,774,396,0
7,0,136,0,0,0,260,0,32,372,514,514,514,248,112,0
7,0,68,0,0,0,130,0,16,186,257,257,257,124,56,0
8,0,0,0,514,0,0,0,0,248,260,514,0,514,774,396,112,0
9,0,0,0,0,514,0,0,0,0,32,252,262,518,0,514,774,396,112,0
9,0,0,0,0,514,0,0,0,0,32,508,772,514,0,514,774,396,112,0
9,0,0,0,0,514,0,0,0,0,32,252,260,518,0,514,774,396,112,0
9,0,0,0,0,514,0,0,0,0,32,252,262,514,0,514,774,396,120,0
9,0,0,0,0,514,0,0,0,0,32,508,260,514,0,514,774,396,112,0
9,0,0,0,0,514,0,0,0,0,32,252,260,514,0,514,774,396,112,0
3,0,0,0,8,1022,1018,1
3,0,0,0,8,1022,1006,1
3,0,0,0,8,1022,930,1
3,0,0,0,8,1022,770,1
3,0,0,0,8,1022,1010,1
3,0,0,0,8,1022,878,1
3,0,0,0,8,1022,774,1
3,0,0,0,8,1022,558,1
3,0,0,0,8,1022,734,1
3,0,0,0,8,1022,998,1
3,0,0,0,8,1022,1014,1
3,0,0,0,8,1022,826,1
3,0,0,0,8,1022,798,1
3,0,0,0,8,1022,994,1
3,0,0,0,8,1022,966,1
3,0,0,0,8,1022,990,1
3,0,0,0,8,1022,750,1
3,0,0,0,8,1022,566,1
3,0,0,0,8,1022,926,1
3,0,0,0,8,1022,766,1
3,0,0,0,8,1022,974,1
3,0,0,0,8,1022,866,1
4,0,0,0,0,8,1022,1022,0,1
5,0,516,516,512,512,516,0,506,0,0,1
5,0,516,1022,512,0,516,0,0,0,512,1
5,512,512,514,512,512,262,130,64,62,28,2
6,512,512,514,512,520,0,262,386,192,102,20,512,2
6,512,512,514,512,520,0,262,130,192,102,20,512,2
8,0,512,512,514,512,512,520,0,776,388,194,64,98,38,20,512,2
8,0,512,512,514,514,512,520,0,776,388,194,64,96,38,20,512,2
8,0,512,512,514,512,512,520,0,776,388,198,64,98,38,20,512,2
8,0,512,512,514,514,512,520,0,776,396,198,64,96,54,20,512,2
8,0,512,512,514,512,512,512,0,776,388,194,64,98,38,28,512,2
8,0,512,512,512,512,512,512,0,776,388,194,66,98,38,28,512,2
8,0,512,512,514,514,512,520,0,776,388,198,64,96,38,20,512,2
8,0,512,512,514,512,512,512,0,776,396,198,64,98,38,28,512,2
8,0,512,512,514,512,512,512,0,776,388,198,64,98,38,28,512,2
8,0,512,512,512,512,512,512,0,776,388,198,66,98,38,28,512,2
8,0,512,512,514,514,512,520,0,776,396,198,64,96,38,20,512,2
5,0,512,34,0,0,518,34,512,894,460,3
5,0,0,546,0,204,774,546,0,822,272,3
5,0,546,32,32,8,546,0,514,534,468,3
5,0,546,32,32,8,546,0,514,790,468,3
5,0,0,546,0,204,518,514,0,562,272,3
5,0,0,546,0,204,518,514,0,566,272,3
5,0,0,546,0,204,774,514,0,562,272,3
7,0,0,0,546,32,32,8,260,770,546,0,514,518,468,3
8,0,0,0,546,32,32,8,0,260,774,546,0,514,790,468,128,3
8,0,0,0,546,32,32,8,0,260,774,546,0,514,534,468,128,3
8,0,0,0,546,32,32,8,0,260,774,546,0,514,518,468,128,3
8,0,0,0,546,32,32,8,0,260,774,546,0,514,534,500,128,3
8,0,0,0,546,32,32,8,0,260,774,546,0,514,790,500,128,3
8,0,0,0,546,32,32,8,0,260,770,546,0,514,534,468,128,3
6,0,64,64,64,70,64,96,48,8,4,952,0,4
7,0,64,64,64,64,64,0,96,48,24,12,958,958,64,4
7,0,64,64,64,64,64,0,96,48,24,4,958,958,64,4
8,128,128,128,128,128,646,128,0,64,32,16,8,6,376,0,128,4
8,128,128,128,128,128,646,128,0,64,96,16,24,6,376,0,128,4
8,128,128,128,128,128,646,128,0,64,32,16,8,6,376,514,128,4
8,128,128,128,128,128,646,128,0,64,96,16,24,6,376,512,128,4
8,128,128,128,128,128,646,128,0,64,32,48,8,6,376,2,128,4
8,128,128,128,128,128,646,128,0,64,96,48,8,6,376,2,128,4
8,128,128,128,128,128,646,128,0,64,96,16,8,6,376,0,128,4
8,128,128,128,128,128,646,128,0,64,96,16,8,6,376,2,128,4
8,128,128,128,128,128,646,128,0,64,96,48,8,6,376,0,128,4
8,128,128,128,128,128,646,128,0,64,32,16,8,6,376,2,128,4
8,128,128,128,128,128,646,128,0,64,96,16,8,6,376,514,128,4
8,128,128,128,128,128,646,128,0,64,96,16,8,6,376,512,128,4
8,128,128,128,128,128,646,128,0,64,32,16,8,6,376,512,128,4
8,128,128,128,128,128,646,128,0,64,96,48,8,6,376,512,128,4
8,128,128,128,128,128,646,128,0,64,96,48,8,6,376,514,128,4
9,0,128,128,128,128,128,646,128,0,128,64,96,16,8,6,376,0,128,4
9,0,128,128,128,128,128,646,128,0,128,64,96,16,24,6,376,514,128,4
8,128,128,128,128,128,646,128,0,64,32,48,8,6,376,514,128,4
9,0,128,128,128,128,128,646,128,0,128,64,96,48,8,6,376,514,128,4
9,0,128,128,128,128,128,646,128,0,128,64,96,48,24,6,376,514,128,4
9,0,128,128,128,128,128,646,128,0,128,64,96,16,8,6,376,2,128,4
9,0,128,128,128,128,128,646,128,0,128,64,96,16,8,6,376,514,128,4
9,0,128,128,128,128,128,646,128,0,128,64,96,16,8,6,376,512,128,4
9,0,128,128,128,128,128,646,128,0,128,64,96,48,24,6,376,2,128,4
9,0,128,128,128,128,128,646,128,0,128,64,96,48,24,14,376,514,128,4
9,0,128,128,128,128,128,646,128,0,128,64,96,48,8,14,376,514,128,4
9,0,128,128,128,128,128,646,128,0,128,64,96,48,24,6,376,512,128,4
10,0,0,128,128,128,128,128,646,128,0,112,128,64,96,48,24,6,376,514,128,4
5,0,18,530,2,226,798,512,0,816,256,5
5,0,18,530,2,162,798,512,0,784,320,5
8,0,2,2,514,18,2,2,0,286,828,528,16,512,784,480,192,5
8,0,2,2,514,18,2,34,0,286,828,528,16,512,784,448,192,5
8,0,2,2,514,18,2,34,0,318,828,528,16,512,816,448,192,5
8,0,2,2,514,18,2,2,0,318,828,528,16,512,816,480,192,5
8,0,2,2,514,18,2,34,0,318,828,528,16,512,784,448,192,5
8,0,2,2,514,18,2,34,0,318,824,528,16,512,784,448,192,5
8,0,2,2,514,18,2,34,0,286,828,528,16,512,560,448,192,5
8,0,2,2,514,18,2,34,0,286,828,528,16,512,528,448,192,5
8,0,2,2,514,18,2,34,0,286,824,528,16,512,784,448,192,5
8,0,2,2,514,18,2,34,0,286,816,528,16,512,784,448,192,5
8,0,2,2,514,18,2,34,0,318,816,528,16,512,528,448,192,5
8,0,2,2,514,18,2,34,0,318,828,528,16,512,560,448,192,5
8,0,2,2,514,18,2,34,0,286,816,528,16,512,528,448,192,5
8,0,2,2,514,18,2,34,0,286,828,528,16,512,816,448,192,5
8,0,2,2,514,18,2,34,0,318,828,528,16,512,816,464,192,5
8,0,2,2,514,18,2,34,0,318,828,528,16,512,528,448,192,5
8,0,2,2,514,18,2,34,0,286,820,528,16,512,784,448,192,5
8,0,2,2,514,18,2,34,0,318,816,528,16,512,784,448,192,5
8,0,2,2,514,18,2,34,0,286,816,528,16,512,816,448,192,5
8,0,2,2,514,18,2,34,0,286,820,528,16,512,528,448,192,5
8,0,2,2,514,18,2,34,0,286,824,528,16,512,528,448,192,5
8,0,2,2,514,18,2,2,0,286,816,528,16,512,528,480,192,5
8,0,2,2,514,18,2,2,0,286,816,528,16,512,528,416,192,5
8,0,2,2,514,18,2,2,0,286,816,528,16,512,784,480,192,5
8,0,2,2,514,18,2,2,0,286,820,528,16,512,784,480,192,5
8,0,2,2,514,18,2,2,0,286,828,528,16,512,528,480,192,5
8,0,2,2,514,18,2,2,0,286,824,528,16,512,528,480,192,5
8,0,2,2,514,18,2,2,0,286,824,528,16,512,784,480,192,5
6,0,256,0,528,2,192,96,252,534,2,816,288,6
6,152,0,528,2,288,0,356,788,2,528,210,192,6
6,152,0,528,2,288,0,352,788,2,528,194,192,6
6,152,0,528,2,288,0,352,788,2,528,210,192,6
7,96,256,0,512,18,0,32,152,236,566,18,512,530,452,6
7,96,256,0,512,18,0,32,152,236,534,18,512,530,452,6
7,96,256,0,512,18,0,0,152,236,566,18,512,786,484,6
7,96,0,0,512,18,0,0,152,492,534,18,512,786,484,6
7,96,0,0,512,18,0,0,152,492,566,18,512,530,484,6
7,48,128,0,256,9,0,16,76,118,283,9,256,265,226,6
8,96,0,0,512,18,0,0,0,152,492,822,18,512,818,484,192,6
8,96,256,0,512,18,0,0,0,152,236,566,18,512,562,484,192,6
8,96,256,0,512,18,0,32,0,152,236,822,18,512,818,452,192,6
8,96,256,0,512,530,0,32,0,152,236,566,18,0,818,452,192,6
8,96,256,0,512,18,0,32,0,152,236,566,18,512,818,452,192,6
8,96,256,0,512,18,0,32,0,152,236,822,18,512,786,452,192,6
8,96,256,0,512,18,0,0,0,152,236,822,18,512,786,484,192,6
8,96,256,0,512,18,0,32,0,152,236,566,18,512,786,452,192,6
8,96,256,0,512,530,0,32,0,152,236,566,18,0,562,452,64,6
8,96,256,0,512,18,0,32,0,152,236,822,18,512,562,452,64,6
8,96,256,0,512,18,0,0,0,152,236,566,18,512,818,484,192,6
8,96,256,0,512,18,0,0,0,152,236,566,18,512,786,484,192,6
8,96,256,0,512,18,0,0,0,152,236,822,18,512,818,484,192,6
8,96,256,0,512,530,0,32,0,152,236,822,18,0,818,452,192,6
8,96,256,0,512,18,0,32,0,152,236,566,18,512,562,452,64,6
8,96,256,0,512,18,0,32,0,152,236,534,18,512,786,452,64,6
8,96,256,0,512,18,0,0,0,152,236,566,18,512,530,484,64,6
8,96,256,0,512,18,0,0,0,152,236,566,18,512,786,484,64,6
8,96,256,0,512,530,0,32,0,152,236,822,18,0,786,452,64,6
8,96,256,0,512,530,0,32,0,152,236,566,18,0,530,452,64,6
8,96,256,0,512,530,0,32,0,152,236,566,18,0,786,452,64,6
8,96,0,0,512,18,0,0,0,152,484,534,18,512,530,484,64,6
8,96,0,0,512,18,0,0,0,152,484,566,18,512,530,484,64,6
8,96,0,0,512,18,0,0,0,152,484,534,18,512,786,484,64,6
8,96,0,0,512,18,0,0,0,152,484,566,18,512,786,484,64,6
8,96,0,0,512,18,0,0,0,152,492,566,18,512,786,484,64,6
8,96,0,0,512,18,0,0,0,152,492,534,18,512,530,484,192,6
8,96,0,0,512,18,0,0,0,152,492,566,18,512,818,484,192,6
8,96,0,0,512,18,0,0,0,152,484,566,18,512,562,484,192,6
8,96,0,0,512,18,0,0,0,152,484,790,18,512,786,484,192,6
8,96,0,0,512,18,0,0,0,152,492,822,18,512,530,484,192,6
8,96,0,0,512,18,0,0,0,152,492,822,18,512,786,484,192,6
8,96,0,0,512,18,0,0,0,152,492,822,18,512,562,484,192,6
8,96,0,0,512,18,0,0,0,152,484,534,18,512,818,484,192,6
8,96,0,0,512,18,0,0,0,152,492,790,18,512,818,484,192,6
8,96,0,0,512,18,0,0,0,152,492,566,18,512,562,484,192,6
8,96,0,0,512,18,0,0,0,152,484,822,18,512,786,484,192,6
8,96,0,0,512,18,0,0,0,152,484,790,18,512,562,484,192,6
8,96,0,0,512,18,0,0,0,152,492,534,18,512,818,484,128,6
5,2,258,66,18,6,512,640,160,40,8,7
6,2,258,2,2,2,0,512,640,192,48,28,6,7
6,2,2,2,2,2,0,512,768,192,48,12,2,7
6,2,258,2,2,2,0,512,512,192,48,12,2,7
7,2,2,514,2,2,2,2,0,0,256,384,96,24,12,7
7,2,2,514,2,2,2,2,0,0,256,448,96,24,12,7
7,2,2,514,2,2,2,2,0,0,256,960,96,24,12,7
8,0,2,2,514,2,2,2,2,2,0,0,256,960,96,24,12,7
8,0,2,2,514,2,2,2,6,2,0,0,256,896,96,24,8,7
8,0,2,2,514,2,2,2,2,2,0,0,256,448,96,24,12,7
8,0,2,2,514,2,2,2,2,2,0,0,256,448,112,24,12,7
8,0,2,2,514,2,2,2,2,2,0,0,256,384,96,24,12,7
8,0,2,2,514,2,2,2,2,2,0,512,256,960,96,56,12,7
8,0,2,2,514,2,2,2,6,2,0,512,256,960,96,24,8,7
9,0,2,2,514,2,2,2,6,0,2,0,512,256,448,96,56,8,2,7
6,268,0,514,32,324,0,208,562,32,514,152,128,8
6,0,260,0,514,0,128,128,248,562,32,886,332,8
7,0,268,0,514,32,324,0,128,240,562,32,514,184,128,8
8,8,0,32,546,544,32,0,0,468,886,514,0,2,514,508,128,8
8,8,0,32,546,544,32,0,0,468,886,514,0,2,514,348,128,8
8,8,0,32,546,544,32,0,0,468,886,514,0,2,514,380,128,8
8,8,0,32,546,544,32,0,0,468,886,514,0,2,530,508,128,8
8,8,0,32,546,544,32,0,0,468,886,514,0,2,514,1020,392,8
8,8,0,32,546,544,32,0,0,468,886,514,0,2,790,1020,456,8
8,8,0,32,546,544,32,0,0,468,886,514,0,2,594,1020,192,8
8,8,0,32,546,544,32,0,0,468,886,514,0,2,530,1020,128,8
8,8,0,32,546,544,32,0,0,468,886,514,0,2,530,380,128,8
8,8,0,32,546,544,32,0,0,468,886,514,0,2,514,476,128,8
8,8,0,32,546,544,32,0,0,468,630,514,0,2,514,348,128,8
8,8,0,32,546,544,32,0,0,468,566,514,0,2,514,348,128,8
8,8,0,32,546,544,32,0,0,468,822,514,0,2,514,348,128,8
8,8,0,32,546,544,36,0,0,468,886,514,0,2,518,508,128,8
8,8,0,32,546,544,36,0,0,468,886,514,0,2,518,1020,128,8
8,8,0,32,546,544,32,0,0,468,886,514,0,2,534,1020,128,8
8,8,0,32,546,544,32,0,0,468,886,514,0,2,534,508,136,8
6,36,512,66,0,132,0,536,66,512,322,376,48,9
6,0,36,576,0,0,48,24,600,2,578,454,204,9
7,0,36,512,66,0,132,0,24,536,66,512,838,376,48,9
8,8,0,0,578,0,0,24,0,308,870,578,0,578,806,484,112,9
8,24,0,0,578,0,0,24,0,292,870,578,0,578,806,484,112,9
8,24,0,0,578,0,0,24,0,292,870,578,0,578,870,484,112,9
8,8,0,0,578,0,0,24,0,308,870,578,0,578,870,484,112,9
8,24,0,0,578,0,0,24,0,292,870,578,0,578,294,484,112,9
8,8,0,0,578,0,0,24,0,308,870,578,0,578,294,484,48,9
8,8,0,0,578,0,0,24,0,308,870,578,0,578,358,484,112,9
8,24,0,0,578,0,0,24,0,292,870,578,0,578,358,484,112,9
8,8,0,0,578,0,0,24,0,308,868,578,0,578,294,484,112,9
8,24,0,0,578,0,0,24,0,292,868,578,0,578,294,484,48,9
8,0,0,0,578,0,0,24,0,316,870,578,0,578,294,484,48,9
8,8,0,0,578,0,0,24,0,308,868,578,0,578,806,484,48,9
8,8,0,0,578,0,0,24,0,308,870,578,0,578,294,228,32,9

1,0,520,:
1,792,0,:
2,0,0,520,512,:
1,0,512,.
1,0,1536,.
1,0,1544,;
1,3,12,'
2,0,0,1536,0,.
2,0,0,1536,512,.
2,1024,0,2816,768,,
2,0,0,768,768,.
2,0,0,14,2,'
2,0,0,520,8,:
2,0,0,792,792,:
3,64,64,0,0,0,64,-
3,32,32,32,0,0,0,-
3,80,0,0,168,774,1025,(
3,112,0,0,136,774,1025,(
3,272,0,0,744,3078,2050,(
3,272,0,4097,1772,3078,0,(
3,0,0,0,1025,774,508,)
3,0,0,64,2050,1548,432,)
3,4097,0,432,0,3078,1612,)
4,0,0,0,64,0,2050,1548,432,)
3,0,1025,1025,2047,0,0,[
3,4095,2049,2049,0,0,0,[
3,2049,2049,0,0,0,4095,]
3,1025,1025,1025,0,0,1022,]
5,0,0,4,0,0,10,4,27,4,10,*
5,0,0,2,0,0,4,2,736,22,12,?
6,0,0,0,0,0,0,32,112,80,216,136,260,<
5,0,0,0,0,32,136,216,80,112,0,>
6,0,0,0,0,0,32,260,396,136,80,112,0,>
7,32,32,32,32,32,32,32,0,0,0,476,0,0,0,+
8,0,32,32,32,32,32,32,0,32,0,0,476,476,0,0,32,+
8,0,144,144,144,144,144,144,0,144,0,0,0,0,0,0,144,=
7,64,72,72,72,72,72,0,8,896,20,770,48,6,8,#
8,64,72,72,72,72,72,8,0,0,896,48,6,416,20,64,8,#
8,64,72,72,72,72,72,8,0,0,896,48,518,416,20,64,8,#
8,128,648,136,136,136,136,138,8,8,256,118,2,512,880,4,128,#
11,0,0,0,0,0,0,0,0,0,0,0,8,34,546,802,156,96,16,456,550,546,448,%
